4294967294,1424
4294967294,437
4294967279,227
4294967278,225
4294967278,223
4294967278,221
4294967279,221
4294967278,219
4294967279,340
4294967279,217
4294967278,327
4294967279,339
4294967294,1079
4294967294,1166
4294967294,1160
4294967278,205
4294967278,396
4294967278,345
4294967278,293
4294967278,27
4294967278,26
4294967278,24
4294967278,23
4294967278,22
4294967278,21
4294967278,20
4294967278,19
4294967278,18
4294967278,17
4294967279,330
4294967279,305
4294967278,203
4294967279,204
4294967279,202
4294967279,201
4294967278,199
4294967278,374
4294967278,370
4294967279,196
4294967278,194
4294967294,419
4294967294,179
4294967294,411
4294967294,1242
4294967294,452
4294967279,549
4294967278,193
4294967279,194
4294967278,192
4294967278,188
4294967278,190
232,5
232,4
232,2
232,1
4294967278,368
4294967279,190
4294967279,242
4294967278,352
4294967279,548
4294967278,351
4294967279,275
4294967279,513
4294967278,313
4294967278,183
4294967279,136
4294967278,182
4294967278,312
4294967278,181
4294967279,318
4294967279,181
4294967278,179
231,6
4294967279,180
231,5
4294967278,178
231,4
231,2
231,1
4294967279,315
4294967278,177
4294967279,313
4294967279,314
4294967278,350
4294967279,175
4294967278,349
4294967279,310
4294967278,302
4294967279,538
4294967279,169
4294967278,165
4294967278,167
4294967279,168
4294967278,166
229,4
229,3
229,2
229,1
4294967278,400
4294967279,163
4294967278,161
228,4
228,3
228,2
228,1
4294967279,556
227,4
227,3
227,2
227,1
4294967278,364
4294967279,306
4294967278,299
4294967279,304
4294967278,298
4294967279,303
4294967278,406
4294967278,347
4294967278,296
4294967279,302
4294967278,34
4294967278,294
4294967279,300
4294967278,33
4294967278,32
4294967278,30
4294967278,31
4294967278,29
4294967278,28
4294967278,25
4294967294,409
4294967294,186
4294967294,187
4294967294,421
4294967294,1243
4294967294,403
4294967294,415
4294967294,118
4294967294,397
4294967294,458
4294967294,402
4294967294,116
4294967294,1423
4294967294,1083
4294967294,401
4294967294,422
4294967294,185
4294967294,161
4294967294,1073
4294967294,176
4294967278,63
4294967278,62
4294967278,61
4294967278,60
4294967278,59
4294967278,58
4294967278,57
4294967278,56
4294967278,55
4294967278,54
4294967278,53
4294967278,52
4294967278,51
4294967278,50
4294967278,49
4294967278,48
4294967278,47
4294967278,46
4294967278,45
4294967278,44
4294967278,43
4294967278,42
4294967278,41
4294967278,40
4294967278,39
4294967278,38
4294967278,37
4294967278,36
4294967278,35
4294967279,87
4294967279,86
4294967279,85
4294967279,83
4294967279,81
4294967279,80
4294967279,79
4294967279,77
4294967279,75
4294967279,74
4294967279,73
4294967279,72
4294967279,71
4294967279,69
4294967279,68
4294967279,67
4294967279,65
4294967279,63
4294967279,61
4294967279,60
4294967279,59
4294967279,57
4294967279,56
4294967279,53
4294967279,52
4294967279,49
4294967279,48
4294967279,47
4294967279,46
4294967279,42
4294967279,41
4294967279,40
4294967279,34
4294967279,33
4294967279,32
4294967279,31
4294967279,30
4294967279,28
4294967279,27
4294967279,26
4294967279,25
4294967279,24
4294967279,23
4294967279,22
4294967279,21
4294967279,18
4294967279,11
4294967279,10
4294967279,9
4294967278,133
4294967278,273
4294967278,272
4294967279,272
4294967279,17
4294967279,16
4294967279,297
4294967279,260
4294967279,0
4294967278,286
4294967278,360
4294967279,13
4294967279,267
4294967278,397
4294967278,263
4294967279,262
224,5
4294967278,262
224,4
224,2
224,1
4294967279,284
4294967278,339
4294967278,284
4294967279,281
4294967278,338
4294967278,405
4294967279,279
4294967278,358
4294967278,381
4294967278,337
4294967279,259
4294967278,380
4294967278,255
4294967278,334
4294967278,253
4294967279,568
223,6
4294967278,254
223,5
4294967279,550
223,4
223,2
223,1
4294967278,331
4294967279,257
4294967278,251
4294967279,254
4294967278,249
4294967278,329
4294967279,252
4294967278,246
4294967278,247
4294967279,248
4294967278,244
4294967278,399
4294967278,240
4294967279,238
4294967279,241
4294967278,239
4294967279,239
4294967278,238
4294967294,387
221,4
221,3
221,2
221,1
4294967279,233
4294967278,230
4294967279,230
220,4
220,3
220,2
220,1
4294967278,227
4294967278,226
4294967278,224
219,4
219,3
219,2
219,1
4294967279,223
4294967278,222
4294967278,218
4294967278,217
4294967278,216
4294967294,89
4294967294,1245
4294967294,1154
4294967294,1158
4294967294,1159
4294967294,182
4294967294,1067
4294967278,215
4294967279,528
0,7
4294967278,326
4294967279,526
4294967294,396
4294967294,395
4294967294,399
4294967294,407
4294967294,178
4294967294,385
4294967294,1085
4294967294,450
4294967294,469
4294967294,191
4294967294,184
4294967294,175
4294967278,324
4294967278,325
4294967279,525
4294967278,322
4294967279,523
4294967279,324
4294967278,323
4294967278,321
4294967279,521
4294967294,16
4294967278,206
4294967278,320
4294967279,205
4294967294,5
4294967294,107
4294967294,81
4294967294,50
4294967294,96
4294967294,94
4294967278,389
4294967278,201
4294967294,8
4294967294,1066
4294967278,200
4294967294,392
4294967294,388
4294967294,389
